501XX	40904	40906	40911
502XX	40907	40913
503XX	
504XX	
505XX	
506XX	
507XX	40902
508XX	40922
509XX	40915	40924
510XX	40921	40925
511XX	40910	40917	40923
512XX	40905	40916	40919
513XX	40908	40918	40926
514XX	40909
515XX	40901

轉學:	40903	40912	40914	40920
	
40901	51502
40902	50702
40903	XXXXX
40904	50105
40905	51203
40906	50106
40907	50203
40908	51311
40909	51412
40910	51110
40911	50112
40912	XXXXX
40913	50213
40914	XXXXX
40915	50915
40916	51216
40917	51122
40918	51321
40919	51224
40920	XXXXX
40921	51023
40922	50823
40923	51124
40924	50924
40925	51025
40926	51319
